ag,-ga,1
ag,tga,172
ag,agg,307
ag,aga,401
ag,agt,374
ag,agc,94
ag,tgg,122
ag,ggg,61
ag,cgg,15
ag,tgt,97
ag,cgc,9
ag,ggt,74
ag,gga,254
ag,ag-,2
ag,tgm,2
ag,agr,6
ag,ggr,5
ag,rgt,7
ag,tgc,19
ag,ggc,16
ag,cgt,8
ag,agy,8
ag,tgy,2
ag,tg-,3
ag,cga,5
ag,rgc,1
ag,rga,1
ag,cgm,1
ag,-gt,1
ag,rgg,1
ag,agm,1
ag,ggy,1
ag,agw,1
ag,cgn,1
ac,gca,41
ac,tca,4
ac,aca,191
ac,tct,7
ac,tcc,6
ac,cct,18
ac,cca,33
ac,ccc,13
ac,acc,37
ac,ccg,52
ac,acg,2
ac,act,6
ac,gct,7
ac,gcc,3
ac,acy,1
ac,wca,1
ac,rca,3
ac,cck,2
ac,acr,1
ac,gcg,1
ac,ncg,1
ac,acm,2
at,ctt,7
at,cta,8
at,gta,4
at,ctg,25
at,tta,4
at,ttc,4
at,ytc,1
at,att,5
at,ttg,4
at,atg,27
at,at-,1
at,ctc,110
at,gtt,55
at,ttt,2
at,ata,29
at,gtc,2
at,atr,1
at,atc,2
at,gtg,8
at,ytt,1
at,ct-,2
ta,tat,7
ta,tag,7
ta,cac,5
ta,caa,16
ta,tac,36
ta,gaa,6
ta,aaa,63
ta,cag,46
ta,aac,79
ta,aat,8
ta,aag,21
ta,car,1
ta,gat,3
ta,gac,15
ta,taa,7
ta,cak,1
ta,gag,10
ta,cat,1
ta,aar,3
ta,rag,1
ta,aay,1
ta,raa,1
ta,maa,1
ta,vac,1
ta,gar,1
tc,gct,33
tc,act,279
tc,aca,206
tc,tct,124
tc,gcc,13
tc,cct,90
tc,acc,107
tc,tcc,24
tc,tca,143
tc,cca,135
tc,gca,38
tc,ccc,45
tc,acg,24
tc,acy,1
tc,yct,2
tc,rcc,4
tc,gcr,1
tc,acr,1
tc,gcg,2
tc,rct,5
tc,ccg,2
tc,tcg,1
tg,tgc,22
tg,tgt,3
tg,aga,6
tg,ggc,7
tg,ggg,5
tg,tga,5
tg,agc,23
tg,cgg,5
tg,rgc,6
tg,cgc,1
tg,tgy,1
tg,agg,3
tg,mga,1
tg,cgt,1
ca,cag,10
ca,taa,9
ca,caa,54
ca,cat,4
ca,aaa,77
ca,gaa,44
ca,aat,45
ca,aag,8
ca,tac,82
ca,gat,18
ca,aac,20
ca,gag,4
ca,gaw,1
ca,raa,2
ca,sar,1
ca,tat,6
ca,maa,2
ca,gac,10
ca,aar,4
ca,sam,1
ca,gak,1
ca,cac,1
ca,cam,1
ca,rat,1
ca,saa,1
ca,tay,1
ct,ata,308
ct,tta,305
ct,att,145
ct,gtt,120
ct,ttt,44
ct,ctt,87
ct,atg,112
ct,ctg,109
ct,cta,21
ct,gta,49
ct,ttc,68
ct,aty,2
ct,gtg,1
ct,atc,5
ct,ktc,1
ct,rta,5
ct,ctc,3
ct,ktt,1
ct,rtr,1
ct,tty,2
ct,rtt,3
ct,gtc,4
ct,atr,1
ct,yta,1
ct,ytc,1
ct,ttg,1
cg,agt,55
cg,ggg,2
cg,aga,111
cg,tgt,1
cg,agc,3
cg,ggt,129
cg,rgt,5
cg,ggy,2
cg,gga,7
cg,tgc,7
cg,ggc,6
cg,tga,1
cg,rga,2
ga,aaa,362
ga,aag,178
ga,gac,66
ga,aat,218
ga,cac,100
ga,tag,14
ga,gag,56
ga,gat,117
ga,cag,228
ga,tat,46
ga,aac,447
ga,taa,105
ga,gaa,183
ga,caa,8
ga,tac,35
ga,gan,1
ga,rag,3
ga,aar,7
ga,cat,4
ga,gay,1
ga,gar,2
ga,yaa,1
ga,aam,2
ga,rat,2
ga,tar,3
ga,raw,1
ga,aas,1
ga,raa,2
ga,gad,1
ga,tam,1
ga,mag,2
ga,nac,1
ga,gam,1
ga,cam,1
ga,aa-,1
gc,ccc,28
gc,tcc,8
gc,tca,4
gc,acc,5
gc,aca,71
gc,cca,85
gc,ycc,2
gc,gcg,2
gc,gct,4
gc,tct,2
gc,acr,1
gc,rct,2
gc,gca,3
gc,act,1
gc,ccg,1
gt,cta,23
gt,atg,2
gt,atc,17
gt,att,2
gt,gtg,67
gt,gtc,4
gt,ata,2
gt,ttt,16
gt,ctg,3
gt,rtg,1
gt,ctc,9
gt,ttc,3
